%YAML:1.0
calibration_time: "Fri Jan 25 19:54:25 2013"
nframes: 70
image_width: 800
image_height: 600
board_width: 4
board_height: 11
square_size: 1.9999999552965164e-02
flags: 0
camera_matrix: !!opencv-matrix
   rows: 3
   cols: 3
   dt: d
   data: [ 6.4539318056607885e+02, 0., 3.7777527054453276e+02, 0.,
       6.4361092525335744e+02, 3.0871884331359797e+02, 0., 0., 1. ]
distortion_coefficients: !!opencv-matrix
   rows: 5
   cols: 1
   dt: d
   data: [ 5.1629036763963687e-02, -2.9614627948436917e-01,
       1.4055225470487463e-02, -2.7056857649126881e-03,
       2.1975332494493474e-01 ]
avg_reprojection_error: 4.0860317192909734e-01
per_view_reprojection_errors: !!opencv-matrix
   rows: 70
   cols: 1
   dt: f
   data: [ 2.44591892e-01, 2.49272645e-01, 2.40825683e-01,
       2.52478242e-01, 3.13671827e-01, 3.60405207e-01, 3.16653877e-01,
       4.72378552e-01, 4.38261509e-01, 2.53292143e-01, 3.18810493e-01,
       3.58936280e-01, 2.57370085e-01, 2.03522637e-01, 2.21003592e-01,
       3.12167138e-01, 7.23013580e-01, 5.73152900e-01, 4.61629540e-01,
       5.66126645e-01, 3.96349519e-01, 3.29675883e-01, 3.75853211e-01,
       4.08877403e-01, 3.70323807e-01, 2.80801028e-01, 3.45775396e-01,
       3.66382480e-01, 2.46219844e-01, 5.52016258e-01, 3.43615294e-01,
       2.87752420e-01, 3.23600411e-01, 4.41645175e-01, 4.40056473e-01,
       4.45808589e-01, 4.52013940e-01, 6.06905818e-01, 4.41048712e-01,
       4.46823269e-01, 5.18651187e-01, 4.56520498e-01, 4.29779619e-01,
       4.65455621e-01, 3.85853142e-01, 4.83393550e-01, 4.64130014e-01,
       6.05154872e-01, 5.64747632e-01, 5.35961449e-01, 6.19542658e-01,
       4.64038879e-01, 3.84023011e-01, 3.63979578e-01, 3.41814131e-01,
       4.72115010e-01, 3.29233468e-01, 3.20840001e-01, 3.40790868e-01,
       3.11624825e-01, 3.35869461e-01, 3.36897582e-01, 5.52094162e-01,
       4.85186815e-01, 3.58877242e-01, 2.86743313e-01, 2.84789205e-01,
       2.93735385e-01, 3.10820013e-01, 4.03389603e-01 ]
# a set of 6-tuples (rotation vector + translation vector) for each view
extrinsic_parameters: !!opencv-matrix
   rows: 70
   cols: 6
   dt: d
   data: [ 8.1716100800228023e-02, -4.5621222450066218e-01,
       -2.9888825880826033e+00, 7.5606207079797427e-02,
       8.2998589511251677e-02, 4.3047373309477233e-01,
       8.6497224661517783e-02, -4.5475569780715536e-01,
       -2.9869294813661056e+00, 7.6276863637466469e-02,
       8.0714110328367103e-02, 4.3021819744188217e-01,
       8.3084388218558222e-02, -4.5234604890211988e-01,
       -2.9888755398031455e+00, 7.5527167962338770e-02,
       7.9192342342706321e-02, 4.2980373627925844e-01,
       8.8424930695616119e-02, -4.3979846755804836e-01,
       -2.9870776748979937e+00, 7.9217839866431550e-02,
       7.8314027688349760e-02, 4.2712335816735614e-01,
       9.5904889031872442e-02, -4.4724845728024992e-01,
       -2.9758933756224266e+00, 9.4236874996726477e-02,
       8.1864123559109783e-02, 4.2826798618973366e-01,
       7.1233120024094640e-02, -4.5349793696178459e-01,
       -2.9534131796745973e+00, 1.2589357277763158e-01,
       9.1798945332116424e-02, 4.2771815725764656e-01,
       5.5042871950513945e-02, -4.5894783817530815e-01,
       -2.9291385143453574e+00, 1.4900051630982478e-01,
       1.0029747868815454e-01, 4.2795031411302420e-01,
       3.5737168756312415e-02, -4.2225300391172477e-01,
       -2.9293403493446637e+00, 1.4064943467640725e-01,
       1.0629596811952671e-01, 4.2742507079227199e-01,
       5.4132144895657416e-02, -4.6337499371958374e-01,
       -2.9567486613601757e+00, 9.6008191992191030e-02,
       1.2305971188809509e-01, 4.2445503678752333e-01,
       9.2200127886959374e-02, -4.7164798622928727e-01,
       -2.9636742146143518e+00, 7.7522197654695368e-02,
       1.3227184549759755e-01, 4.1339066801566893e-01,
       1.3029657693194374e-01, -4.9549254481207233e-01,
       -3.0124004500396513e+00, 4.7392181370657802e-02,
       1.3788748460126682e-01, 4.0870344159390865e-01,
       1.4221840150281687e-01, -5.1161928675964319e-01,
       -3.0427499916182916e+00, 1.5549850328059644e-02,
       1.3182662487793714e-01, 4.0406873898877915e-01,
       1.4720690049867086e-01, -4.9674186177286711e-01,
       -3.0617097114049119e+00, -2.0079784506705357e-03,
       1.3334014300519526e-01, 4.0017211737338282e-01,
       1.8014918882054343e-01, -5.0300535866060569e-01,
       -3.0647188729421191e+00, -2.4504801408206288e-02,
       1.4285461783421768e-01, 4.0079707365426903e-01,
       2.0198977573410007e-01, -5.1853749636528168e-01,
       -3.0652927506767695e+00, -4.1831044923009111e-02,
       1.5096441790543919e-01, 4.0008548156329321e-01,
       2.0597174076320951e-01, -5.2054696718143678e-01,
       -3.0710628660714425e+00, -5.5677629823398390e-02,
       1.4947987785946346e-01, 3.9736362653431290e-01,
       3.1360170476070454e-01, -4.5074184387369692e-01,
       -3.0827936986807103e+00, -7.8819080111002610e-02,
       1.1586187706705267e-01, 4.0718920513507417e-01,
       -2.5375786305672604e-01, 4.3066238464427492e-01,
       3.1045971024473862e+00, -5.9196073377068989e-02,
       8.7224333863494291e-02, 4.1179380711599611e-01,
       -2.1178172729002384e-01, 3.8651997828169349e-01,
       3.1144408540717201e+00, -3.8945695089219183e-02,
       4.7803558954930957e-02, 4.1367683595640792e-01,
       1.7736072828962962e-01, -3.4843775920845099e-01,
       -3.1017163776271586e+00, -1.1102278764251966e-03,
       3.3914961505676786e-02, 4.1585488178602475e-01,
       1.1130946830400071e-01, -3.5531962451723326e-01,
       -3.0784137208813904e+00, 4.1214612912155807e-02,
       2.8984390645321382e-02, 4.2238731805650748e-01,
       6.4631959836779301e-02, -3.6619198359385713e-01,
       -3.0678294645475153e+00, 6.9505616987228513e-02,
       2.2259942894614384e-02, 4.4095211795461209e-01,
       1.2799678516540170e-02, -3.4871095543450203e-01,
       -3.0401347082376109e+00, 1.1753746591532263e-01,
       7.3847362565810952e-03, 4.5611831873331671e-01,
       -6.3242174492348147e-02, -3.0956981983628534e-01,
       -3.0092795517964648e+00, 1.5012184713868346e-01,
       -1.0831452047116968e-02, 4.5857872690154228e-01,
       4.5866863026974699e-03, -1.6081836299633376e-01,
       -3.0376869410466774e+00, 1.2878637509231380e-01,
       -2.3562444902777320e-02, 4.8448977768912010e-01,
       -8.1609680245987477e-03, -2.1459588891532075e-01,
       -3.0650425516852629e+00, 1.1896568735828937e-01,
       -8.6358251298809183e-03, 5.0741727029399897e-01,
       -8.6362060822963264e-03, -2.0081817698125681e-01,
       -3.0758274688796097e+00, 1.0958865708731076e-01,
       -8.7459985564886252e-04, 5.3591789118325062e-01,
       -8.4594357275387354e-03, -3.6983595598751456e-01,
       -3.0729590727185716e+00, 8.0514222172833910e-02,
       5.9746220812493055e-02, 5.5728592758502360e-01,
       -1.2691607498625412e-01, -5.9884616065990082e-01,
       -3.0538728927046215e+00, 9.5315110988048971e-02,
       1.1141420811621941e-01, 5.5423883193381451e-01,
       -6.0043816334205857e-02, -7.7804561176441200e-01,
       -2.9694248633930260e+00, 1.1823681603380945e-01,
       1.6498586312545824e-01, 5.2513217717172045e-01,
       -1.8626761464714933e-01, -1.0537998739584193e+00,
       -2.8518469144488052e+00, 1.3977094355941747e-01,
       1.9948321100613325e-01, 4.8611277429338512e-01,
       -2.2388582019601899e-01, -1.0291746999008828e+00,
       -2.8551716257560931e+00, 1.4804611095128811e-01,
       1.8689185583185344e-01, 4.7528198545078498e-01,
       -2.5727604821728184e-01, -1.0442016031172221e+00,
       -2.8461693130051255e+00, 1.5835480470518065e-01,
       1.6200602746353396e-01, 4.4899576753153470e-01,
       -2.0928441173003171e-01, -1.1141453037298212e+00,
       -2.8572745022932415e+00, 1.4799836603738131e-01,
       1.6343154126082010e-01, 4.3167492665758717e-01,
       -2.7193104242065419e-01, -1.0931649508683159e+00,
       -2.8300807380835042e+00, 1.8895709383913398e-01,
       1.5432671674217305e-01, 4.1427066803416535e-01,
