%YAML:1.0
calibration_time: "Mon 15 Aug 2011 05:53:48 PM EDT"
nframes: 40
image_width: 640
image_height: 480
board_width: 8
board_height: 6
square_size: 2.5000000372529030e-02
flags: 0
camera_matrix: !!opencv-matrix
   rows: 3
   cols: 3
   dt: d
   data: [ 5.2950157740625184e+02, 0., 3.3517591342730634e+02, 0.,
       5.2837096924492801e+02, 2.0339405955723473e+02, 0., 0., 1. ]
distortion_coefficients: !!opencv-matrix
   rows: 5
   cols: 1
   dt: d
   data: [ 8.8836337789524114e-02, -2.4345883038213345e-01,
       -9.5853934003723822e-03, 7.4918321205376158e-03,
       4.2943153707483958e-02 ]
avg_reprojection_error: 5.6187923179720178e-01
per_view_reprojection_errors: !!opencv-matrix
   rows: 40
   cols: 1
   dt: f
   data: [ 2.91040540e-01, 2.16158941e-01, 2.56072551e-01,
       2.58388907e-01, 3.40832263e-01, 4.02783245e-01, 1.75936973e+00,
       6.24036014e-01, 1.99223787e-01, 2.73716480e-01, 3.44651937e-01,
       1.26815170e-01, 2.65871704e-01, 3.71346891e-01, 6.02095187e-01,
       3.95475805e-01, 9.30878997e-01, 4.66557831e-01, 4.58401620e-01,
       2.62809962e-01, 2.15771049e-01, 2.33294457e-01, 2.92725742e-01,
       3.11526507e-01, 1.48689187e+00, 1.25491619e+00, 2.65187085e-01,
       5.96462131e-01, 6.35353208e-01, 5.97261667e-01, 4.36678410e-01,
       3.76276821e-01, 3.61835390e-01, 3.50756705e-01, 2.89350122e-01,
       2.42797032e-01, 2.41674438e-01, 2.25129962e-01, 2.86185026e-01,
       2.91891634e-01 ]
# a set of 6-tuples (rotation vector + translation vector) for each view
extrinsic_parameters: !!opencv-matrix
   rows: 40
   cols: 6
   dt: d
   data: [ -2.6478758643577988e-01, -1.7359729378828481e-01,
       2.9966536348701672e-01, -6.1285693509134001e-02,
       2.1290396658932242e-01, 9.4356005205586246e-01,
       8.7410562200495409e-02, -1.8040892711291923e-01,
       3.4034657793005130e-01, 3.9416811538863804e-02,
       -1.9063311862133334e-01, 8.6456517337041028e-01,
       -1.9450147371415891e-01, 5.3033239005789209e-03,
       -1.3022434593053794e-01, -3.4378154208788086e-01,
       -2.1889361598698093e-01, 7.3206360461661069e-01,
       -2.1359911776656311e-02, -1.4357605833380860e-01,
       1.6290361103757367e-01, 8.5416022663675928e-02,
       -1.6397827282889471e-01, 6.1881709080103509e-01,
       -2.7439533191079163e-01, 1.3411810946465486e-01,
       9.9171575460575395e-02, -2.0868738422157285e-01,
       -3.1594983687273037e-02, 5.4984743966792826e-01,
       -9.2321702131318650e-01, 1.8615008104838748e-01,
       1.4950993445886307e-01, -1.8438214874088443e-01,
       6.9016408748578451e-02, 6.4081109333664343e-01,
       -1.0980919465025587e+00, 1.9261061946296784e-01,
       2.2378589642063490e-01, -1.6092155677394981e-01,
       1.1292472238802169e-01, 6.7413396259719816e-01,
       7.7868528722123076e-01, 8.1492770816860474e-02,
       1.1686554088256501e-01, -1.8400963402716003e-01,
       -9.9438398230839456e-02, 4.5912969678857368e-01,
       9.0374127052951461e-02, 1.3588244218327900e-01,
       1.6211101045421078e-01, -1.5267273536811996e-01,
       -1.1165322056408587e-01, 5.5526065808781833e-01,
       -4.4492798616610557e-01, 6.7819521912510797e-02,
       1.5649016021600168e-01, -1.4591603445733320e-01,
       -8.2530887551936341e-02, 6.6730445885892653e-01,
       -1.4556645955978292e-01, -7.2626977988069974e-01,
       1.5134573641769505e-01, -1.5810312563901507e-01,
       -7.9759522390176987e-02, 6.0672463194064330e-01,
       -1.0748004655449249e-01, -7.6245112375074697e-02,
       1.4957714133880348e-01, -1.4447384008215111e-01,
       -7.3046483329959985e-02, 6.2305447715809570e-01,
       -1.5330181751244970e-01, 5.8928896103122597e-01,
       2.0676016006810893e-01, -7.8602468676639808e-02,
       -6.7008637161483905e-02, 6.3591400489510941e-01,
       -1.0030987950837009e-01, 7.2917567445038312e-01,
       1.7502623882015569e-01, 3.9551507824912895e-02,
       -2.0551900176104611e-02, 4.8629333032706956e-01,
       -9.3130753644919928e-01, 2.9428092512304443e-01,
       2.3218910787544342e-01, -7.1956927657831071e-02,
       3.1517905437170785e-02, 4.7458847923425085e-01,
       -2.2279161463935210e-01, 3.1298635296934385e-01,
       1.2741588070752807e-01, -7.8331090571774911e-02,
       -7.4465959057418318e-02, 4.0647438633444077e-01,
       6.8155543216752557e-01, 2.6561419588812568e-01,
       1.2097006662237657e-01, -7.8932450090457726e-02,
       -5.9106137065662423e-02, 3.1373997696366329e-01,
       -1.4880404692495974e-01, -7.0313319560111254e-01,
       3.5007562683650462e-02, -1.4978593092201162e-01,
       -5.8132744004171871e-02, 4.8873535341861468e-01,
       -1.5438183796209320e-01, -7.1845387387386361e-01,
       2.7060392689151069e-02, -1.5211958452898092e-01,
       -5.7354154577683926e-02, 4.9049619564496888e-01,
       -8.5051951413629354e-02, -2.1781656666400356e-01,
       7.1479890379252120e-02, -1.4454367132457338e-01,
       -5.8570359940040811e-02, 5.1378582412964180e-01,
       -1.7530868737228728e-02, -3.3607625322562777e-02,
       1.1115784216592013e-01, -1.2788541954897004e-01,
       -5.5039802786211359e-02, 5.0678213122636695e-01,
       -1.0841819210669873e-01, 5.5523197819024074e-02,
       1.1480964938648258e-01, -1.2428473815060263e-01,
       -5.2483003969136022e-02, 5.3255399653195390e-01,
       -1.4321211316791965e-01, 3.6343789417551275e-01,
       1.4869965294986537e-01, -9.8621661121135740e-02,
       -5.0278525664298065e-02, 5.5613571642717086e-01,
       -2.0072826868216728e-01, 5.8608648303830391e-01,
       1.9394536935602763e-01, -7.0097461967007529e-02,
       -4.1707491265594261e-02, 5.6916377861024958e-01,
       -2.9448226985019005e-01, 8.5896117007979178e-01,
       2.3230504924642423e-01, -3.4002609774289913e-02,
       -2.8727019189335189e-02, 5.8785195150797087e-01,
       -2.9085610029319786e-01, 7.7997023665464615e-01,
       2.5283405885640475e-01, -3.3396332576564901e-02,
       -2.9272862066232318e-02, 5.8365056614359256e-01,
       -2.4319935053322983e-01, 3.8810946114461585e-02,
       1.9486142350297234e-01, -9.4627596803363925e-02,
       -4.1255720930186472e-02, 5.4822662209826678e-01,
       6.9631658206810343e-01, -5.5884967411801191e-02,
       2.1351206495073588e-01, -1.2425865974732939e-01,
       -1.0317294846004794e-01, 4.3772781298771302e-01,
       7.0661292994616176e-01, -4.7886697511217109e-02,
       2.1470790169113943e-01, -1.2498365100201686e-01,
       -9.7171456397009151e-02, 4.4071796928600715e-01,
       6.8387251570383267e-01, -4.1523421188584667e-02,
       2.1532571919533106e-01, -1.2313459580866716e-01,
       -9.4186367048201602e-02, 4.4353742356731485e-01,
       4.8606976601113144e-01, 5.0912663217699706e-03,
       1.8438108880617546e-01, -1.2453707292588270e-01,
       -9.3901398231280520e-02, 4.6447480393586910e-01,
       4.0607521427173299e-01, 2.8971338152478737e-02,
       1.7509016991752885e-01, -1.2460202577442052e-01,
       -8.8141461243830072e-02, 4.7236745189547374e-01,
       3.4152372833777545e-01, 8.9543136035051124e-02,
       1.5470777989224060e-01, -1.2996551662543426e-01,
       -7.2323666720970597e-02, 4.7262776959382241e-01,
       2.6823291404949506e-01, 1.3774723695959415e-01,
       1.2835140466963108e-01, -1.3757782907429572e-01,
       -5.7227459485278909e-02, 4.7635804418768929e-01,
       1.3662616216084775e-01, 1.6615851325433920e-01,
       1.3129687146412522e-01, -1.3438965589058122e-01,
       -4.3199244620340846e-02, 4.9173665228094027e-01,
       3.1368080176041924e-02, 1.5798821414564684e-01,
       1.2967568962692300e-01, -1.3138975860674709e-01,
       -3.4017306725485426e-02, 5.0686894994784715e-01,
       -7.6246216701535197e-02, 1.6935429493852491e-01,
       1.1185393102197341e-01, -1.3147594008711647e-01,
       -2.3554803950134234e-02, 5.2190577545547323e-01,
       -2.5187999730222255e-01, 1.7886588055663516e-01,
       1.0434142941452566e-01, -1.2692463628673242e-01,
       -8.1397933751344801e-03, 5.4604723729889681e-01,
