%YAML:1.0
calibration_time: "Fri Jan 25 19:20:14 2013"
nframes: 70
image_width: 800
image_height: 600
board_width: 4
board_height: 11
square_size: 1.9999999552965164e-02
flags: 0
camera_matrix: !!opencv-matrix
   rows: 3
   cols: 3
   dt: d
   data: [ 7.1607913035429999e+02, 0., 4.1496748990471497e+02, 0.,
       7.1488104083688802e+02, 2.2019139928770866e+02, 0., 0., 1. ]
distortion_coefficients: !!opencv-matrix
   rows: 5
   cols: 1
   dt: d
   data: [ 3.3298872510927537e-02, -6.8545801726210331e-02,
       -1.4773863956266287e-02, 8.3578979486887469e-03,
       1.1091212345798068e-01 ]
avg_reprojection_error: 4.8771642406827681e-01
per_view_reprojection_errors: !!opencv-matrix
   rows: 70
   cols: 1
   dt: f
   data: [ 7.02635825e-01, 2.66277879e-01, 3.72288257e-01,
       3.80823165e-01, 6.10715151e-01, 5.48610389e-01, 5.67532599e-01,
       6.89898014e-01, 6.55920267e-01, 3.12576681e-01, 4.61309701e-01,
       5.22465825e-01, 2.69847482e-01, 3.18660855e-01, 3.86345148e-01,
       3.09273988e-01, 7.93472290e-01, 5.89524806e-01, 5.63741207e-01,
       6.20022416e-01, 4.27401215e-01, 5.33934295e-01, 6.28876567e-01,
       5.59220910e-01, 4.35337365e-01, 4.14689451e-01, 4.97258395e-01,
       5.54122269e-01, 6.33653283e-01, 7.23815858e-01, 7.51354396e-01,
       6.11204445e-01, 5.37330687e-01, 4.88666207e-01, 4.48974222e-01,
       4.53142732e-01, 4.70212042e-01, 6.33159637e-01, 4.67020690e-01,
       3.63014072e-01, 3.26864660e-01, 2.70591408e-01, 2.63806969e-01,
       1.63510501e-01, 1.89093187e-01, 2.58439839e-01, 7.04779565e-01,
       4.15698200e-01, 3.90645146e-01, 3.98923665e-01, 4.22715217e-01,
       4.43057030e-01, 5.17338157e-01, 5.96118510e-01, 5.99327147e-01,
       5.62389851e-01, 5.99172652e-01, 5.13318956e-01, 5.41176558e-01,
       6.09266043e-01, 5.98416805e-01, 4.25885707e-01, 3.10998589e-01,
       2.15764269e-01, 2.18480244e-01, 2.34264389e-01, 2.42761970e-01,
       2.34641552e-01, 2.43730515e-01, 2.78400242e-01 ]
# a set of 6-tuples (rotation vector + translation vector) for each view
extrinsic_parameters: !!opencv-matrix
   rows: 70
   cols: 6
   dt: d
   data: [ -3.9544172906151726e-01, -4.1808919189201432e-02,
       1.5603653040523842e+00, 2.9463396179761941e-01,
       -1.4651399126669457e-02, 7.8826434326229522e-01,
       -1.5847009440967266e-01, 2.4244420492328272e-01,
       1.5295517809376764e+00, 2.1696362989414592e-01,
       -1.3578803839224454e-02, 8.1590911424401913e-01,
       -1.1190987647747790e-01, 4.8504254095576632e-01,
       1.4585411549331393e+00, 1.6964491945175236e-01,
       -1.5505538062829267e-02, 7.4603356226449813e-01,
       -3.0361662952692547e-01, 2.0184233855258948e-01,
       1.5576840535400365e+00, 1.1657150749342657e-01,
       -6.5673249564623684e-02, 6.4676553387197766e-01,
       -5.9452308225529604e-01, -2.8380852932430611e-01,
       1.5546502858522617e+00, 8.8001278958584658e-02,
       -4.5724797065756419e-02, 6.0264182239007080e-01,
       -3.3488585476356736e-01, 9.7751194517430209e-02,
       1.5226390831243974e+00, 6.3362880597153851e-02,
       -2.2742040374815389e-02, 5.4431469552196277e-01,
       -2.5838260558129128e-01, 2.1773800424429512e-01,
       1.4729164592075417e+00, 5.8210072153269267e-02,
       -3.4570296288916572e-02, 4.7867204070043701e-01,
       -4.4737857400166753e-01, -9.2211637635383328e-02,
       1.5688304563383153e+00, 8.8929914303484455e-03,
       -3.7595553191965225e-02, 4.7444368570808115e-01,
       -1.1557566790005878e-01, 8.9137225208369850e-02,
       1.5778536762489439e+00, -1.3683137070237700e-01,
       -6.2337047070651373e-02, 6.2666892325135637e-01,
       7.1984075469160455e-02, 1.9170250102019276e-01,
       1.4514968214159853e+00, -1.4431680839128769e-02,
       9.2257804378816470e-03, 7.3091810963540393e-01,
       -3.0788874864422833e-01, -8.1836776329584832e-02,
       1.4868348121355364e+00, 1.0198235068391268e-01,
       6.5470499104757635e-02, 8.2070513707565063e-01,
       -4.6682743552153078e-01, -1.9028871090044741e-01,
       1.4112923258900965e+00, 1.5920690947488797e-01,
       1.4089798469689718e-01, 7.8458788904086729e-01,
       -3.1270280811428443e-02, 1.6909918109450597e-01,
       1.3701940220456863e+00, 2.3752076959480845e-01,
       1.4337830262190088e-01, 7.6291483097974755e-01,
       -1.3689744534605558e-01, 1.8924147947162663e-02,
       1.4782844950845235e+00, 1.5604306571472293e-01,
       1.3950515971738245e-01, 8.5252555816946929e-01,
       -4.1354993905142196e-01, -2.4771653389108753e-01,
       1.5676510712858680e+00, 7.1499674378826344e-02,
       8.6107621857320155e-02, 8.8292768479751649e-01,
       -2.8021130979781389e-01, 1.2337544350278047e-01,
       1.6103355741597749e+00, 2.0499620778268137e-02,
       -2.8938392799195193e-02, 8.0522122581283928e-01,
       -7.0852920832749675e-02, 1.5669020612394918e-01,
       1.4968571739045271e+00, 6.7601398105485738e-02,
       -6.0191484740203015e-03, 6.9980378230613527e-01,
       -4.6385498358730481e-01, -8.4098895291556480e-02,
       1.5073703523493605e+00, 1.5032368332250193e-01,
       8.2852836983085446e-02, 6.6327024237705201e-01,
       -4.4263088367267794e-01, -1.9238859818483200e-01,
       1.5145351976527928e+00, 1.5615718158777728e-01,
       1.4103044807242726e-01, 7.1205186003135823e-01,
       -2.3610974148240998e-01, 1.1270411884182514e-01,
       1.4579778606745515e+00, 7.7679319000288655e-02,
       9.7510339060379231e-02, 7.9336489773509977e-01,
       -3.0685998568459016e-01, 2.5146701375585356e-01,
       1.5030999522358244e+00, 3.3337538012884298e-02,
       -1.2832497841434164e-02, 8.1005532386515733e-01,
       -4.7115465757269603e-01, 6.5021184157995515e-02,
       1.5695464590852140e+00, 1.1106494546342263e-01,
       -7.5296888102932391e-02, 7.3839501845779876e-01,
       -4.8163350122671833e-01, -8.0876151577909797e-02,
       1.4489623663500844e+00, 2.1675100420111809e-01,
       2.3581677346323465e-02, 7.0587712703328709e-01,
       -2.8454444466691425e-01, 4.5448073605883479e-03,
       1.4611822682000934e+00, 1.8394843947473236e-01,
       8.1016438181707770e-02, 7.6989340718041521e-01,
       -3.7159844908488737e-01, 1.4679471055071469e-01,
       1.6267940976655522e+00, 1.2404830255481403e-01,
       -7.7664695019593930e-02, 8.1482207241602667e-01,
       -3.5530825550139511e-01, 1.1223809126131441e-01,
       1.6267578017861086e+00, 1.4577320147494646e-01,
       -1.3512833773299343e-01, 8.2387317025274076e-01,
       -3.8678042289113990e-01, 7.9662679716742721e-02,
       1.5908303409754962e+00, 1.8895176437552424e-01,
       -1.3980302640506329e-01, 7.8976574342087158e-01,
       -3.9282631873991325e-01, 5.2194604898908578e-02,
       1.6042757183794347e+00, 2.4561963847885082e-01,
       -1.5459820916330144e-01, 7.8788758007226189e-01,
       -3.9934579981479407e-01, 4.1588115871070100e-02,
       1.5981022424509701e+00, 2.9613206676117337e-01,
       -1.5399905323616550e-01, 7.9305457696187087e-01,
       -4.0607988104127851e-01, 3.1796398485909941e-02,
       1.6019371292129956e+00, 3.3833907015154235e-01,
       -1.5350858582884791e-01, 7.9393154300245417e-01,
       -4.0596463735815635e-01, -1.0021230051576409e-02,
       1.5786926495715026e+00, 3.1230857835688730e-01,
       -1.2289306485736355e-01, 7.6057634893015891e-01,
       -4.0423781794681235e-01, -5.3874881868034071e-03,
       1.5155972783903908e+00, 3.0285406900493911e-01,
       -4.0652077038554973e-02, 7.3012014264266911e-01,
       -3.7463238799751197e-01, 1.4862464586391400e-02,
       1.4975369971768100e+00, 3.1274333213493066e-01,
       -1.9024544987403182e-03, 7.3283970031750156e-01,
       -3.6226225310287019e-01, 2.9158284534447854e-02,
       1.4892681072331901e+00, 3.1811585188868347e-01,
       2.3307895498938799e-02, 7.3764138043530481e-01,
       -3.5538396742830414e-01, 3.1907874255454202e-02,
       1.4771732151609687e+00, 3.2685356420832290e-01,
       5.0812109427059604e-02, 7.4011991551867617e-01,
